50
900720 422594 250 194294 976983 850926 518951 318130 683066 916698 347388 240083 879417 483187 640320 714656 415023 313683 868649 176221 146679 717583 472275 53377 885395 763950 276038 733366 80304 996093 41856 617361 283640 50938 282709 603179 936601 952952 136204 16971 569741 330716 908864 956350 516694 849109 698396 536599 385428 182877
711593 716553 953116 938089 387179 247711 4820 622751 56196 612387 672468 369139 140757 150818 907502 677550 81833 889897 959268 17941 535455 608451 366988 886785 25828 149742 331026 20523 571031 460785 58051 350567 978811 401143 454744 717060 648171 244986 218949 434804 550891 163711 124606 154310 319161 130611 444708 91915 978779 326512
585832 638271 956267 55458 451880 871078 839708 76076 336354 891733 929518 607955 445574 331531 485557 352860 450089 665125 103861 755123 421449 796822 243004 999953 220909 744091 131629 188109 993225 341975 101489 568768 610378 653718 777713 658924 54695 639146 46743 910019 515270 315121 515770 98884 695517 195923 697407 199586 784381 511734
39299 61929 411955 553123 361400 751636 225599 669759 170364 728067 458139 240404 534253 770469 154273 219220 423739 13367 788271 206880 834805 598285 197218 359929 710557 419761 785765 603043 309555 709297 853951 278619 106887 591815 980760 735707 594345 635515 413657 83760 743679 29981 173647 83831 880961 498302 682644 105245 410479 863740
911472 476459 10719 898360 420553 402468 538214 367491 125436 844558 16085 419727 434852 693768 908513 352107 260655 639998 616374 352715 295713 556168 533831 392060 421204 554886 92602 508150 122002 225038 631462 305536 606038 266949 864047 892701 695715 363614 794432 503722 166406 789745 626249 30579 373079 631375 657252 786637 562107 114313
732059 445293 545755 692640 491427 948486 942353 683983 657998 644782 269755 366314 546803 90136 951604 424487 527176 351187 442020 690750 612178 539994 548232 447153 35907 631745 181305 721906 551180 94021 614652 512936 713456 416219 69432 338698 615463 449029 290623 90611 80756 530705 423973 609599 293844 479983 506758 7715 281995 908041
826192 603486 527181 610540 819241 529122 172538 914312 638280 39666 48103 869881 854443 927735 673311 81600 616003 778983 800478 823446 417653 875327 971504 287650 712055 282954 861747 855495 821221 193870 346342 39908 668610 296877 496910 143559 4936 583881 543841 82945 936901 922940 313490 3931 312783 285303 153427 486796 280317 514615
569112 509046 768188 762674 545827 411341 361426 912000 866309 856946 370401 36917 736803 619075 571719 423635 837013 552201 317238 769533 353453 75465 737329 19457 475038 192228 227501 649898 543161 680949 973711 335810 546859 913328 204974 573476 86698 939856 430731 497907 298585 507763 524442 907318 67999 509546 211475 295327 742241 960899
28556 615102 124481 387814 64952 935557 786031 722429 824577 486256 329039 191771 683058 584607 1945 330078 915585 292697 369007 528710 303 515576 342644 170884 852353 50931 71571 904857 423470 39165 671357 996459 917716 158711 488615 233908 147210 577413 490497 195241 575417 247763 264706 791476 961345 367806 923993 116787 58020 367477
832832 588702 865582 323787 425773 349068 33529 744729 754697 237347 225786 43009 351276 938560 936552 639013 391292 281954 563212 922157 253271 731833 290028 503104 103063 417463 264697 738458 78662 951996 102400 422426 385265 769639 736671 26759 210984 513853 746762 701048 411672 78821 849449 346589 633810 585120 114478 169657 362730 676748
431838 154105 33002 982876 45680 643685 363676 760817 182405 413014 847166 980240 645595 141241 23114 684519 15135 688976 239352 246074 525384 945973 993290 868639 443079 984029 598826 463734 131811 129521 481708 745655 404907 402587 525132 470706 388361 768861 573064 793065 863860 14273 37209 523242 882886 500075 420163 16245 314355 408940
177715 180175 736904 224285 545478 402408 19279 882873 29804 844994 542717 185118 518735 597150 224995 636180 152020 191082 431814 381694 199558 87884 936469 547643 6622 408113 729433 472202 493317 622762 879096 802840 355501 406997 563181 904884 523579 665008 346431 513494 446768 179121 424571 635557 918641 506148 38698 826303 460508 182519
34669 926258 158026 695274 11132 434723 969793 48489 188634 603899 565292 218683 479275 649720 394741 865643 604871 375359 638474 344620 464728 994598 179351 390565 145068 417130 464488 369582 475185 36296 893299 277556 700034 41097 982001 517841 842281 818920 378591 629280 854827 256574 96904 777562 618696 872100 911146 442196 395644 193476
392896 597375 42560 768965 809946 211341 959400 160268 952271 245265 476760 656074 863060 519156 237203 90363 536583 717220 739776 883256 779973 762134 940331 624284 135930 318442 750307 225573 979522 832731 259096 198138 276482 665116 55484 472322 218587 776402 563674 47376 469739 148984 413446 352603 311743 565118 361702 270759 472681 829162
7671 499765 736282 878365 448673 223595 323446 975303 802159 777184 901966 249964 897527 383144 803933 574232 168275 577978 962075 230846 447393 348358 893058 989942 984178 493453 725476 512161 558286 117756 128972 485196 533588 488761 573814 530243 90388 855213 957299 320172 440902 183685 197311 421489 738197 524109 64156 918413 515530 835792
492958 215796 298311 839928 617323 482079 103055 672552 372767 289436 859629 626474 948987 130341 176379 620497 887362 303401 393899 52568 687779 360064 632988 277290 634324 845120 752731 218800 765046 753732 836016 501521 883228 55353 793128 869239 592125 830605 432580 975393 22069 398918 155532 704506 948475 603233 990435 925147 931564 395622
805147 727275 49086 61039 222660 210619 565206 562722 612206 507594 878595 790386 220454 786237 343777 590939 970323 269010 614816 575062 804412 865962 999746 337096 157312 30738 122911 486441 873453 387304 184049 196560 387384 119624 276185 37074 978022 691048 660506 404127 976802 135990 540414 257483 723948 510397 491033 238420 465393 294235
744401 550825 476152 75045 532115 600183 97589 362109 25583 460833 50143 729606 197397 792665 691451 502052 756353 921840 634376 237181 473922 414650 469900 500361 42877 998038 375516 549238 706449 260552 368604 790235 677643 752215 415991 28852 926818 57816 414321 686367 50573 390196 241097 872619 431937 265977 539021 550912 508095 118402
426826 964458 160668 381480 289644 851962 254681 431957 195192 803863 985396 182083 779087 722359 487056 796507 926563 514990 716218 329342 247232 490169 683352 977153 867594 26365 48552 721028 481658 210747 517020 923466 407938 530564 221221 973107 420626 751972 753950 162626 837885 262663 760553 62963 937638 30934 443446 108716 81768 981337
407289 986624 851699 666128 148579 953758 777320 565953 916702 187370 509755 832215 469259 744311 84799 882320 840655 504059 516785 923328 976259 253408 1629 622938 356820 528704 480811 405570 183394 725895 258177 348533 679769 675648 548142 810669 82674 629487 523806 240327 823866 189669 867530 174306 130877 804999 380743 869939 390943 720821
712408 656194 833860 44732 109332 409919 193172 735204 80846 956723 751884 506951 751718 175527 609083 759137 888158 920910 562623 112187 943149 844944 305307 677545 457794 195223 726138 263787 782054 319132 292249 289967 610866 719106 49153 379449 310387 875516 812596 326775 410535 42580 833353 19755 959564 431793 833096 8819 393427 126478
518025 291214 823580 955886 880197 173651 767056 239106 378503 757746 996145 530327 347349 596501 756298 983562 9755 245952 532549 54691 108933 986377 991560 597498 665186 28429 173146 462015 895182 839671 718816 385109 501302 699644 24760 424546 418098 611246 287544 642037 800159 466932 913568 554003 693134 52736 571412 538343 469067 930447
366567 3579 774481 582340 599016 271811 34537 876956 557857 418092 989343 578462 559767 504532 578515 527251 819762 812516 411762 647587 334790 653000 11529 706198 326424 495048 422952 69647 848201 601289 259429 632475 278904 409218 335748 351366 574621 713475 341029 461549 76736 611023 367752 532141 797166 918298 228498 387126 351396 731818
909363 482956 178752 557933 688104 223135 766894 263163 129592 686433 751648 56438 371933 462753 546565 43964 533934 583203 716864 926127 766090 581749 530091 162590 283536 446164 932563 29215 968455 294923 64377 813576 443027 619334 317828 979081 570721 800478 990800 893398 489786 637379 177324 623964 105504 343877 896947 356428 182826 178349
74868 475950 317110 695903 921221 908967 910794 998978 328028 341500 128405 600602 142684 128064 380763 753955 637728 846282 523832 518802 429360 610180 213922 151800 2709 398436 705526 390476 143139 954904 59206 459405 53526 817414 254056 227894 35636 180064 919714 298589 242377 384686 365612 770301 339645 114834 507898 848774 622916 378200
207201 723373 119087 490544 393917 741170 538941 264233 333192 63139 216932 894582 209527 455981 719797 913135 981318 973420 460477 693702 773924 126962 127530 606356 117677 49417 698861 711830 609067 758202 873436 522685 938479 468777 334887 813479 110502 140079 912503 918244 851070 96895 284666 80190 412553 938070 291024 11236 238299 860210
587415 180191 238914 473619 211968 506830 394488 449302 951859 677613 735507 505040 343060 222095 644658 140179 675419 190124 35788 846472 590394 918441 893027 356701 238344 295443 172126 795821 215409 674389 933970 824813 304848 536208 348864 440432 113418 185712 903571 371319 431196 14391 463413 933212 702445 176514 256387 905459 318321 98146
168489 967613 405877 619626 203698 999442 586542 820448 965635 989704 958203 719332 726813 870623 25682 236902 577101 999184 827568 21284 846415 776645 994640 908004 633323 881100 456153 736264 954002 339868 41272 142568 862509 603828 23129 791457 918449 253265 742812 906791 341217 839323 721950 554855 69414 90523 494546 825087 41762 338206
213637 516893 987538 283270 363895 655720 778319 954430 229181 555326 589255 941715 1158 753054 235432 816150 367701 715463 382682 321532 666511 349494 712417 202281 3119 961228 267193 848502 776923 808543 899625 79238 103132 732550 241107 457308 644189 901412 870675 80239 526180 381606 143112 223399 564381 903381 869959 591689 455162 17345
360545 991310 971944 481515 498426 407743 452631 425305 590233 595437 137125 202942 427599 887018 427268 687554 93720 551227 764301 149016 195764 306462 341829 605290 425134 552907 937641 884795 788843 517581 461579 424479 83052 998241 439989 44000 675656 129523 154402 661994 439890 124493 286236 280197 936357 125046 810342 122992 332844 40196
855051 688891 247404 356095 452118 231083 615919 309956 200534 260982 219128 686795 746958 595097 926156 135636 893713 897672 374435 292736 846423 804151 929649 765910 352587 514176 371848 356575 230636 846283 579546 324325 869767 421695 877139 596249 238384 263492 740083 53081 162319 321401 925980 408549 398414 448660 365204 457925 300060 389687
654500 82093 848680 730172 375818 655780 376712 765721 11874 280587 926124 411145 356898 287002 438993 585031 748472 867495 262892 817412 447654 448549 75147 503985 794134 978700 864977 838803 87238 677257 851948 941216 353712 759010 795685 855396 432325 611259 663039 296356 983065 310337 812277 360518 451334 529400 219726 593967 213234 302583
860829 934649 126735 564886 906591 202891 898026 214002 580629 377775 237321 16941 968867 518758 369497 271532 917401 917942 897284 724955 371052 962704 503708 181771 558949 747467 113994 686922 463480 626476 355847 445370 545115 510705 665433 443559 627928 836506 622757 155548 375060 23633 830700 442997 796893 600694 464279 620179 681521 147791
973261 776796 521025 708858 192188 801382 151126 566505 325002 475153 333064 280897 716906 887456 770464 253926 452691 323430 780492 157601 618078 930666 360078 620310 164045 417500 804222 176291 839387 223958 495899 711646 538159 489747 827056 645505 897336 628404 153725 237050 717336 730737 727827 575726 24612 840417 662899 266580 178826 333908
505227 450375 232560 933109 493700 592875 255731 96488 453097 783247 369936 895984 955224 103511 135593 584188 341877 275244 509957 936552 757653 603257 855767 272768 488921 114526 424068 583329 444875 331438 988380 563516 985383 748189 575085 858162 224178 483905 344073 644286 822271 894273 129442 137978 552989 502185 767026 720856 337176 25924
134392 596915 257097 794128 627669 776552 386782 63349 671298 514987 684322 218458 54148 657169 969273 638936 570956 322182 843530 173473 142832 522968 846606 33575 765369 619969 162923 604775 31803 761676 824225 181125 712917 532504 651861 383256 132805 452072 875551 271339 264269 713197 998180 759443 466476 158584 340869 256488 412125 244877
709912 359007 311933 424676 675401 339913 549393 30024 55464 843473 784949 745394 693082 525271 356173 750544 357221 635687 913847 579852 67693 237142 275320 553153 185516 563231 269128 711827 966393 449341 249391 207376 989738 704395 699080 497191 892548 106054 320923 132564 192300 27630 829487 385969 821580 190311 409955 467710 949705 340459
304330 474570 572619 269046 614098 535090 387876 29786 449083 190991 881588 661561 159681 846013 86169 408963 368612 550392 989739 705330 843072 960233 592078 465479 487463 560575 1525 843219 764990 30696 642664 268563 231618 210333 247813 935892 492520 615579 489351 665563 267413 271251 762002 498290 117970 129163 86358 216816 94587 439271
377553 680266 772546 835381 892635 304485 856963 370389 104091 428223 407303 415448 483514 276536 53721 558888 956017 91681 40339 270291 733246 206749 475471 673051 917179 766963 191383 454037 448595 360999 341903 751486 264765 669176 991601 130817 130426 441407 702515 556273 784695 247600 602698 56730 996818 763555 88270 235777 245513 889554
424547 339774 540342 227911 98081 502130 540465 45463 58199 345221 202136 599456 128195 277066 556909 77527 473308 272807 738358 878848 89693 68458 895106 62327 8771 544417 241905 761314 550620 391575 7693 248498 181168 879510 293925 328016 843759 103147 864723 517287 418593 537887 212679 682517 202474 314422 23314 323450 432476 825857
83060 771027 566530 720165 407092 226199 539717 198907 909139 155627 602973 317082 447661 250009 398113 724026 160186 668834 577391 604099 885990 653744 367808 792754 954083 963462 602436 855511 228273 586999 406090 184502 892086 748432 118985 587011 456482 332498 574191 676991 371318 538396 970620 142934 289633 47351 498926 27410 290930 16601
309576 891922 277599 864216 912440 284065 223454 644780 735118 269761 93187 44085 91595 630251 590722 367987 319917 830203 697515 530836 61086 809492 149000 751484 310871 482443 180468 126758 779338 671099 494083 952460 74513 438542 629285 757345 117876 823268 9041 830078 518800 94666 791793 151681 484022 899440 317074 662157 49372 979507
687348 12234 773778 183762 77484 896637 998459 711165 916289 849306 343075 316102 617237 103683 161577 618207 537139 775266 924202 160594 76687 104999 210680 594230 542265 163243 341964 642565 215518 724447 90149 588995 911239 208324 695905 118331 165386 442952 330592 335219 197239 957678 310752 592692 26798 58318 689950 698812 657924 603098
410460 283682 738340 960305 380873 453539 729381 952102 697351 411600 347986 531341 76079 74665 336399 976886 210144 586825 49372 765285 27187 482824 290899 786617 277906 838867 694149 157648 71778 798041 301547 527406 749947 847785 591896 63997 530518 979411 728020 222405 509922 249762 802811 334094 42322 769983 719743 590224 72058 390977
168583 226232 682400 863871 790235 708785 567078 751468 522048 554961 65119 847191 141558 612392 761580 132294 621210 35622 826043 887510 8081 325673 869402 723869 19385 828668 759352 254337 88160 215737 891900 170984 891901 799297 288294 863810 562698 122212 935330 284462 762423 168014 764813 404940 206347 632469 210505 82245 870797 10266
362124 180246 365338 280017 707929 781664 472711 128632 63589 237886 910121 863778 436343 945159 933468 938450 402492 85472 275477 324256 625942 79036 404541 973343 229829 263967 241122 186632 130809 244207 162399 711078 455515 953012 602601 816869 306689 681085 457445 645555 585209 373256 526550 263357 738010 297663 940729 391717 719764 624381
478837 953231 496373 2313 76663 213024 975847 301293 475746 8493 555019 313319 715658 17139 549830 292129 955500 102562 903906 166586 998602 832586 196124 890154 141439 648269 43077 929688 362728 169181 44896 365036 238274 192155 796197 829564 82566 951461 150763 420349 191977 210693 330983 986937 945810 202342 474650 697514 416367 398531
888349 539028 991112 520115 801724 586427 245022 405118 28044 868959 881446 785429 54860 958196 891744 567836 358983 214923 360658 610142 949860 518639 588787 928040 816072 185909 729810 990596 140792 636022 534273 632164 844213 744437 850514 495376 618796 359479 358059 799380 635227 334963 526126 629818 332378 115574 700193 178027 172219 404396
298619 950415 412464 567881 372356 314094 665342 974429 971601 651111 751632 129511 3869 643198 357476 202822 902130 270628 33961 803224 402165 333644 357593 397510 542194 634532 97583 559603 145178 329283 262629 872905 591377 247767 839159 542527 661183 583506 379089 57633 785938 162442 611126 662901 151056 494809 352637 894816 800022 977424
807918 751109 859170 17052 424626 374882 806258 999101 999927 316002 698261 587533 552766 848858 109892 565035 831938 928992 902130 98352 697380 796909 517774 146266 877000 973188 273363 617112 412885 554214 36722 230004 14051 836258 706425 34672 591999 516965 247447 783035 312231 95235 355000 637664 453264 226345 653432 377552 989711 732835
